t = 0
b = 5 5 5
E = 0 0 0
-0.20516395568847656 -0.27422332763671875 1.5392565727233887 -0.06177424289436118 0.9650495164774393 -0.25468288843479253 -0.029452258101529117 -0.25682163414116765 -0.9660099444259264 0 0 0 0 0 0
-0.368924617767334 -0.37037086486816406 1.0495100021362305 0.5091952210281822 0.8589008925164772 -0.05485876152867303 -0.07423040252723766 -0.019675142927648315 -0.9970470079647303 0 0 0 0 0 0
-0.5743241310119629 -0.18212366104125977 0.6310815811157227 0.9336000274487919 0.35734197894178693 0.026413989353795252 -0.021586382163223936 0.12967356656802223 -0.9913217410299404 0 0 0 0 0 0
-0.6324176788330078 0.17548418045043945 0.30703115463256836 0.9250258737968894 -0.37938412305903657 -0.019870077428812773 0.057836147901819346 0.19232530226465197 -0.9796254172410439 0 0 0 0 0 0
-0.3661308288574219 0.41655969619750977 -0.11373186111450195 0.5994136224034436 -0.7911469949178261 0.12161308198411379 0.2487300786099123 0.03968921489383808 -0.9677593265971751 0 0 0 0 0 0
0.03044271469116211 0.5839996337890625 -0.38413572311401367 0.06569415470828596 -0.9970878220534873 -0.03873181056698548 0.3671319678031388 0.0602453489328988 -0.9282158241211731 0 0 0 0 0 0
0.302370548248291 0.5028729438781738 -0.8218450546264648 -0.6988665948934805 -0.7139907482572858 -0.04245814344731479 0.21814636090610456 -0.1562402303433928 -0.9633281661228781 0 0 0 0 0 0
0.19020795822143555 0.31606006622314453 -1.5871820449829102 0.8224731218693443 -0.4618535603292443 0.33200791046855505 -0.49919521859587634 -0.30630385627712575 0.8105443117811495 0 0 0 0 0 0
-0.07928800582885742 -0.12591123580932617 -1.3344478607177734 0.9116093694937197 0.20088880115918992 0.3586252180481543 -0.2843417775597256 -0.32186316954713245 0.9030802033170973 0 0 0 0 0 0
-0.01504659652709961 -0.49146366119384766 -0.9657073020935059 0.46603981280028806 0.8332073960177355 0.2976110349204424 -0.27182632543592267 -0.1852665825824934 0.94434460986348 0 0 0 0 0 0
0.07850885391235352 -0.5976133346557617 -0.48175477981567383 -0.05242124243513259 0.998504196862571 0.01553647931126328 0.05535844556461339 -0.012628345056668148 0.9983866823059089 0 0 0 0 0 0
0.31588268280029297 -0.5551438331604004 -0.026792526245117188 -0.5376692684627684 0.8404063430232944 -0.06803628706009995 0.13306532893083198 0.16425848763771225 0.9774010269462075 0 0 0 0 0 0
0.5319452285766602 -0.2673768997192383 0.3308539390563965 -0.9116858053821011 0.3806099360909704 -0.15480655287686398 0.03258739725698069 0.4425514637512032 0.8961508039787073 0 0 0 0 0 0
0.5069036483764648 0.2565650939941406 0.6450214385986328 -0.9147784503554339 -0.399070636900649 0.06263396465992965 -0.04834289158795685 0.26208812789423114 0.9638323391803225 0 0 0 0 0 0
0.2516932487487793 0.6307787895202637 0.924407958984375 -0.4550291417136048 -0.8626396047079041 0.22091037227973548 -0.05517340538705464 0.27491641678638407 0.9598837737556205 0 0 0 0 0 0
