t = 0
b = 5 5 5
E = -1.28575969526406 -1.28575969526406 0
-1.47804024803938 -6.74944559681608 6.26548933808439 -0.339848132480455 0.931466918695282 0.129894673585516 0.18444051265674 -0.0694233060129117 0.98038875038077 0 0 0 0 0 0
-1.27336076778126 -6.60910500932814 6.69407670902307 -0.936150277120435 0.342827145398854 0.0780525914049204 0.0474075590658031 -0.0968901838329894 0.994165386452491 0 0 0 0 0 0
-1.25497645418672 -6.35108625384775 7.12663429970914 -0.926657297598269 -0.343252259054674 -0.15324535706424 -0.046450587049875 -0.299984391703529 0.952812524947587 0 0 0 0 0 0
-1.46583965326432 -6.35989832765336 7.61226271351485 -0.473598877504315 -0.816908745803825 -0.329187187259596 -0.0826971900911304 -0.33086481035298 0.940047686035728 0 0 0 0 0 0
-1.78297376807759 -6.29587739080448 8.0234139707442 0.282630612323573 -0.943887371884623 -0.170870027138577 -0.076945090767616 -0.199867462851106 0.976797036389964 0 0 0 0 0 0
-2.04444645398482 -6.58127106345085 8.38872304913142 0.846166368131129 -0.523373566062251 -0.100412089864979 -0.163718656749116 -0.434603164594419 0.885616333835815 0 0 0 0 0 0
-2.13247283194161 -7.04619678556098 8.77777191299942 0.988660743945078 0.0246275708610113 -0.148133102767256 0.14996338954461 -0.110652372314939 0.982480042696732 0 0 0 0 0 0
-2.03229863525403 -7.39682372369645 9.13450132813451 0.857443921922783 0.51237148063656 0.0475960774434144 0.0279451806338692 -0.138724595346912 0.989936641167098 0 0 0 0 0 0
-6.05273513032688 -1.74479887121404 14.1225436309793 -0.783459116360264 -0.620935056073025 0.0251290495557932 -0.0178621628067652 -0.017919314718326 -0.999679869408148 0 0 0 0 0 0
-5.9807300250997 -1.99416791440164 13.6442570676587 -0.994894060182403 -0.0681801222184637 0.0744129017581139 -0.0738187240948847 -0.0111966915716606 -0.99720881969167 0 0 0 0 0 0
-6.09238267590972 -2.32168093173822 13.2032500474777 -0.761330239480813 0.623072566838114 0.179323291587715 -0.269315767620462 -0.0523142644067781 -0.961629988639385 0 0 0 0 0 0
-6.3665717631155 -2.40425574443876 12.7385007769224 -0.346907731470445 0.895811206149311 0.277808043050132 -0.151429933863542 0.238819158759098 -0.959184228675426 0 0 0 0 0 0
-6.5659267104452 -2.27316327480704 12.3009122499702 0.402185118711513 0.825000501428457 0.397015494571428 0.0463835722596053 0.414715274765346 -0.908768290105204 0 0 0 0 0 0
-7.28373945994319 -2.11246983427095 12.088914180851 0.467378700749294 0.702376778641739 0.536864983874679 -0.174759302224147 0.668694420851938 -0.722708072327699 0 0 0 0 0 0
-7.40408112902804 -1.62928200644169 11.9261968142265 0.958922474289017 0.214523058591811 0.185600500095914 0.00884272817793585 0.631363234243944 -0.775436826958454 0 0 0 0 0 0
-7.34625139121938 -1.13849022583618 11.7703374040506 0.886808685343963 -0.456493656034805 -0.0719992888750596 0.186515025423676 0.496083431649969 -0.848005527183396 0 0 0 0 0 0
-7.09214033754285 -0.764137921513766 11.4582267119013 0.469874808355867 -0.870276899171542 -0.147769358261155 0.345233675219255 0.335239593604821 -0.876600321910896 0 0 0 0 0 0
