t = 22168
b = 4 4 4
E = -1.09951056635428 -1.09951056635428 0
18.0418733494587 0.620614766841403 2.90159989192589 0.0794280798686191 -0.442241826503124 -0.893371897375094 -0.585251145159873 -0.746173906565132 0.317341453721985 0 0 0 0 0 0
18.3456202513252 1.62537485091131 3.42156234689069 0.839918828019412 0.385657812993685 0.38184344123664 0.275731207858436 0.30277135684865 -0.912305763702588 0 0 0 0 0 0
18.3988804396514 1.97259313321044 3.11181234641814 0.940452403552163 -0.290813744257143 0.176001826138555 0.288029032127951 0.406774941483171 -0.866933344400134 0 0 0 0 0 0
18.6890467947847 2.42434698749374 3.08423482705071 0.680031328677591 -0.662832368147767 -0.313385774649435 0.152021569757977 0.545614337369185 -0.82413253617698 0 0 0 0 0 0
19.0123720130903 2.6663583803203 2.74630222859411 -0.128136540975775 -0.923054380242684 -0.362700479709574 0.279914462892735 0.317186433628988 -0.906112939861916 0 0 0 0 0 0
19.3315351208369 2.66040069859042 2.32546542650264 -0.730535754156507 -0.646414809220808 -0.220148600538376 0.0878694065888736 0.230721750387116 -0.96904408634696 0 0 0 0 0 0
15.1678908243531 5.8986399032053 -2.02015321645541 0.879754756694132 0.213684365902544 0.424700553146413 -0.394998067117043 -0.168631662546685 0.903072471820796 0 0 0 0 0 0
15.2086918099833 5.62256877192136 -1.60892110808583 0.192398753655757 0.94432000158609 0.266912821340898 -0.198686424580711 -0.228874986675756 0.952963769070735 0 0 0 0 0 0
15.4218971633442 5.51699852619749 -1.19808136410531 -0.550354523316263 0.825370207651645 0.125991741738975 -0.140647502629906 -0.240392136645097 0.960432142654112 0 0 0 0 0 0
15.5303449199338 5.54367275751361 -0.719072346186431 -0.953971615614317 0.276711183753303 -0.115624726542607 -0.217191803148515 -0.37161124762066 0.902625504451821 0 0 0 0 0 0
15.3708487654298 5.68442842458557 -0.275346392904525 -0.775600824304315 -0.51384029729506 -0.366621753601971 -0.173636360775976 -0.384728113490295 0.906550987483152 0 0 0 0 0 0
15.0491476398544 5.7281613669106 0.107538658951185 0.120640839565291 -0.934684584754682 -0.334380793184864 -0.128997805706523 -0.348745684826645 0.928297373387274 0 0 0 0 0 0
