t = 100000
b = 4 4 4
E = -1.02119620549811 -1.32143937436735 0.300243168869245
27.8486650996375 1.49099086739969 -3.48259197589916 0.183077577179939 0.422647367151803 -0.887610164302762 -0.749702275796879 -0.524027512643209 -0.404155494405277 0.193980385567634 0.040147396022844 -0.0670878253237851 -0.073142658399309 -0.442115676587981 0.265009292664046
27.2942910550651 1.52487839632647 -3.62293625157541 0.523899334791926 -0.0775993062743747 -0.848238076644934 -0.795663848582774 -0.400062096732808 -0.454828933574127 -0.182251892877199 -0.67349581416715 0.0764175484095225 -0.0753535601686581 -0.27831429886177 0.068727216476482
26.958468176433 1.5863605267144 -3.98791289482783 0.634800081797126 -0.643695019435012 -0.427417334820296 -0.772584806098061 -0.520253207277947 -0.363935870317007 0.171445562159359 -0.174167644492928 0.0929777499144159 0.150749279098287 0.0927379266265866 -0.388154175283541
26.6520631466896 1.47613836985661 -4.42971814493928 0.520148374742019 -0.839522098023515 0.156997819040242 -0.724336657751197 -0.531014829353179 -0.439726798415593 0.303228978120376 -0.092511523785625 -0.0882462437543219 0.150592706161471 -0.179780608832534 -0.212260539926499
26.4340221920579 1.08119388807358 -4.87349620503921 0.520243793509861 -0.685692169933589 0.509090015033023 -0.67628892500777 -0.694799535818273 -0.244717990631227 -0.0364968186731 -0.233510323183466 -0.303663996057822 -0.135781249541249 0.3000180187611 0.445010026271738
26.3582095635201 0.698815221035499 -5.10857694948621 -0.0338476980967659 -0.341577273767133 0.939244004175396 -0.709646743532316 -0.653531550448431 -0.263245155629697 0.804122608269705 0.616803585674487 0.349509403479616 0.012609849887531 0.509744822550462 0.034051638474707
26.5050249427228 0.172466142988793 -4.12023382997771 0.0519352910054185 0.145057249325027 -0.988059269460318 0.835930322259461 0.534994165722526 0.122481586248912 0.421572811611796 0.096344400523701 -0.366177120095977 -0.269775482078207 0.071131704698218 -0.390638498187332
26.9689354711635 0.246809867901604 -4.1982175599537 -0.399811173160021 0.729229386519425 -0.555315700888144 0.839791692490268 0.534196596542637 0.0968705810171371 0.0684197849640412 -0.12843380656458 0.0711323267059264 0.633034981705618 0.419883427472351 -0.0686386640590723
27.3747375811819 0.463924388425692 -4.41507056961696 -0.492074465691852 0.842962418271825 0.217432935857111 0.866069170745024 0.499342116505305 0.0241172587380992 -0.363896074377642 -0.0362300019132161 0.103990015992544 -0.409520260020383 -0.126567291964581 -0.172457611698878
27.7392116176348 0.894156816085662 -4.488926305241 -0.6572369838436 0.575766690398176 0.486345828907891 0.717041831426796 0.676434376314366 0.168189020225093 0.725930348200021 -0.454165741393937 0.0823988169906524 0.306498968874499 -0.610703990993839 -0.833530220725819
27.9395230313502 1.35054140280292 -4.63403118978361 -0.467996565676277 0.201773813992357 0.860387437438657 0.686951028552444 0.695535230771598 0.21054459652593 -0.499362205424085 -0.0274418038599384 0.126379115400204 0.190804685908486 0.0788875242179341 0.220890212205942
28.1014558261429 1.85738836115667 -4.58439285051863 -0.0939863119945105 -0.292396222689425 0.951667495564846 0.600053608640717 0.746123765759832 0.288504753731394 -0.0361566006046569 0.108118856981664 0.220847022992254 0.327307836280823 -0.151430224794401 0.135380181381826
t = 200000
b = 4 4 4
E = -0.938405450152356 -1.28059088260273 0.342185432450375
46.9963765558568 10.198042481435 9.9688264337738 -0.431278381976361 -0.675848070794254 0.597685822521822 -0.895462627558541 0.401570004653529 -0.192063046962486 -0.0661545686241798 0.363129601147726 0.0669557702467947 -0.35098696551024 0.147109492428331 0.26402801480532
46.6293096899088 9.99763963388788 9.7595537470153 -0.374702974412036 0.432608749416997 0.82002887198846 -0.719312279317021 0.422395577129345 -0.551517743363967 0.270536796631788 -0.224020737137348 0.250206366477881 0.281344955330215 0.337471989318351 0.0315203335164854
46.0628683665978 9.98051698871555 9.67765475963957 -0.0317671155890473 0.705757413732986 0.707741000174519 -0.799282839745902 0.407216979776608 -0.441951664177618 -0.235479723559273 -0.456223882403806 0.676010497352499 -0.193528327489716 -0.00687211090682939 -0.712020265721797
45.5175926058808 10.1120354312915 9.79983082153963 0.403706875862238 0.882682369618507 0.240608796069928 -0.848760056956478 0.459511870117289 -0.261639459823122 0.158105503985107 -0.167577372030692 -0.0630295131970768 0.0507557167259878 0.699220719397485 -0.0367563569739841
45.1027867358387 10.3386969262357 9.84971258240405 0.595347213785278 0.740829159010629 -0.311020662010907 -0.802952506779212 0.562452060377564 -0.197268729488562 0.0849183678290395 -0.0758369070745665 0.186679232918185 0.422188887913945 -0.155740948935245 0.185541169727417
44.8530590804174 10.7285205012549 9.99788099699774 0.363679324128235 0.132950636408063 -0.921987785971345 -0.810849215367578 0.53239145539527 -0.243069718722633 0.811063498497102 -0.0297518897573112 0.17469793421594 -0.226531067802829 0.117419329460141 -0.434810436067643
45.5054476859855 11.2824377879977 9.25920322408271 -0.597488419698321 -0.314641098884779 0.737569364344112 0.787786399490776 -0.402000158623622 0.46667811309716 0.381116617921841 -0.313873559899583 0.8035388637253 0.242198896523027 0.37691838443859 0.134028460680939
45.7971411829573 11.2310434618221 9.66339893538708 -0.650740110278282 -0.728082822589507 0.215482510485418 0.670546749477612 -0.417904335121624 0.612962497589828 0.230107851839775 0.306436297731628 -0.151994481370417 -0.55283271018256 0.469770100323482 -0.0279908713874717
45.9426568121115 11.1709146445964 10.1643535894365 -0.290000149293004 -0.883577405479021 -0.367683127076849 0.680165722210592 -0.460562468651794 0.570312899029219 -0.240784361810223 -0.512639954311187 0.608034962803494 -0.559720013898298 -0.32850859198552 0.00187846188238185
46.0623473669435 10.8246509448412 10.5243687060718 -0.0181087319826096 -0.705243130269911 -0.708734224539109 0.726033808545791 -0.496633534644674 0.475636458983981 0.00750992767952857 -0.16186171222261 -0.135738775598722 -0.424407139462944 0.253997605918826 -0.124221860590935
46.2337183534211 10.4537054240421 10.7372809611531 0.328507677624613 -0.320483662570957 -0.888466616011437 0.66115799689123 -0.593739585001721 0.458632105667257 -0.499659411970949 0.714233688144145 0.0994591158948372 -0.270656916644054 -0.109645269775954 0.280697271612527
46.3425438351036 10.007257368771 10.8729575280819 0.68236086820349 0.295357594303113 -0.668690912927674 0.675830804686665 -0.603548848222161 0.42306206547775 -0.016183987358452 -0.234330261933077 -0.409335205890026 -0.126052389233847 0.200194253684586 -0.00592530809411451
t = 300000
b = 4 4 4
E = -0.881308510654179 -1.27261403109471 0.391305520440531
34.5573225334788 22.2314185049506 26.0891565318916 -0.479286153211766 -0.811122907685191 0.335208012982634 -0.853018372349477 0.340649559162942 -0.395370123145832 0.431918634782565 -0.504548214037976 -0.21123338881971 -0.613510170097757 0.334978427361497 0.927559750485571
34.1517646813028 22.0878780228962 25.7349612550302 -0.345327911616205 -0.363352556778699 0.865288132902075 -0.916349863487922 0.329602942957932 -0.227298983013765 0.420391840201791 -0.110110328526914 -0.623730120112657 -0.199091182148644 -0.246439928918107 -0.230905560017416
33.6401123051499 21.9392555308555 25.5578566890827 -0.248123578652603 0.055662772225237 0.967127884772638 -0.945529611782142 0.203260733148425 -0.254281001262585 0.039136321411464 -0.463327661993381 0.431373386364233 0.0296316668103587 -0.149166169970023 -0.643558411983409
33.1871943698654 21.7132894268688 25.5431836473791 -0.0515716896278707 0.698328483966516 0.713917144569284 -0.972454441486118 0.127602456777046 -0.195064020922343 -0.587333695736255 -0.470847790542693 0.345706073477119 -0.534576754325912 0.751492151018556 0.403776566708379
32.7693078113466 21.5118882532374 25.8349319200545 0.0272913969036469 0.98115240111433 0.191298576687422 -0.985356000682263 0.0586262966531374 -0.160114050789368 -0.356980624312388 -0.17594752087219 0.0912643059220306 0.098946856409833 -0.545064432844657 -0.0696672029578353
32.2456896915217 21.5906203474122 26.011864880306 0.218967016525834 0.765416762598994 -0.605136864854774 -0.975627803822497 0.162676426256538 -0.147264281986225 0.364939572878807 -0.425019635457481 -0.647711142998539 0.0720171784056512 -0.191031451086449 0.274215605854662
32.3375338698765 22.5650776989563 25.9782671632032 -0.0186661440270198 -0.869457381082373 0.493655180818084 0.995175849010784 0.0314062829900678 0.092944472317495 0.0717639492280911 0.392895674727188 -0.162425821567177 0.259757764556577 0.490870698167173 0.123484890219045
32.7088162672391 22.6240167533029 26.2138319292792 0.0721895608211683 -0.888426262591322 -0.453307228319249 0.979287905484313 -0.0230638870561885 0.201154804282836 0.081856053025245 -0.294055926011881 0.376260305795498 -0.028969134892119 0.101744489951746 0.0632913362777447
33.1310600129509 22.4501672740354 26.5052527153295 -0.00910685806424947 -0.538348279132907 -0.842673243606798 0.928030477945527 -0.31838178553903 0.193371328384428 -0.25059355300054 -0.374868679386548 0.37718150346809 -0.320171717491028 0.165037171036165 -0.207539793535106
33.5206372432963 22.0035580074253 26.6873102219506 -0.128491098676832 -0.147532197249692 -0.980675424559756 0.827637023861114 -0.560746873305843 -0.0240811297911607 -0.154463043707537 0.000247133391456854 -0.206025561277559 -0.278910551424017 -0.263696553898201 -0.342956578710504
33.6834231872836 21.5449149371127 26.6845049634775 0.412093918097972 0.474371117392557 -0.777914291969498 0.820045178230066 -0.565218658134959 0.0897428223189274 -0.293023096960197 0.343637140820866 -0.0792093445671543 -0.294955551135712 -0.00975119317122126 0.104671676966937
34.0102197615235 21.2104788736464 26.4899863569314 0.47571563836037 0.835736456539317 -0.274297660636237 0.874585477911832 -0.482665093189102 0.0462022688021474 -0.202860784810247 0.103125417952393 0.596270780788636 -0.412461684148447 -0.11164447671866 0.670585197298473
t = 400000
b = 4 4 4
E = -0.937608958200405 -1.27765673917187 0.340047780971461
42.4547704654809 28.285445283065 46.4609753779609 0.959024951596984 -0.0746317596637878 0.273315280699609 0.257039235682261 -0.176580065399824 -0.950131733931295 0.361692226803594 0.0175178768164527 0.0231585018787191 -0.0299176988295234 -0.349337408095173 -0.231380169304962
42.7058812053342 28.3998519787924 46.0261587525982 0.681085362398613 -0.626412234731064 0.379117978082734 0.395680975626496 -0.120783997970702 -0.910410781659274 -0.400791250085677 -0.0490588073476651 0.346063661585529 -0.203088335556786 -0.368450846309883 0.534680789932466
43.1654819785504 28.5005967066744 45.6734639023564 0.169156213205765 -0.941801916739241 0.290508735084187 0.528915490711876 -0.161972600118156 -0.833074594796841 0.273903490825903 -0.374385088982199 -0.0422528737322296 -0.350694312490468 0.287172387154822 0.62754186836027
43.7565517542794 28.3862657026441 45.4972324981002 -0.325634621607492 -0.945411116963551 -0.0126456764269169 0.751252774931584 -0.25059210446998 -0.610592225085546 0.241878015117809 -0.0908258211724675 -0.274356396639663 -0.364135836451169 0.212227339761123 -0.165683624081633
44.201945249141 28.0439485231616 45.4065798200789 -0.750616217835366 -0.545412125893409 -0.372962339185788 0.554950265047436 -0.214037933030033 -0.803876835434389 -0.0297895338796368 0.484075972584604 -0.0952883175836506 0.385397686280111 0.0227512278372832 -0.100048990299698
44.4066574330202 27.6813976370184 45.0635129639578 -0.82175840764938 0.345679035867938 -0.453011173834553 0.398775995987452 -0.219026128073959 -0.890508427947282 0.325720770149357 -0.171372341481919 0.0198042646136797 -0.0976310371806268 -0.208588990805994 0.362554818173824
43.3883812424908 27.5119239101833 44.6001124232793 0.841261830882105 -0.220014463910695 0.493834149863052 -0.364059076188921 0.444744233676031 0.818329735287934 0.386263828231911 -0.110816026236776 -0.566443487334419 -0.656072007059148 0.0647535414176633 0.282797527328198
43.2732229890571 27.3878924170452 45.0508360830829 0.822665500048865 0.533246704549264 0.197153308662872 -0.396573621025406 0.289757667734269 0.87107396763764 -0.25049882030468 -0.522358774763067 -0.423109539675697 0.00301909849491348 0.594309369482994 -0.323909436866878
43.2055650936448 27.2204601928535 45.5239318973581 0.420751523743372 0.904395813041917 -0.0709673771520744 -0.223567081102492 0.17918957625286 0.958075600362332 0.0882870000000292 0.0894134937570914 0.242514239765522 -0.251268906539631 -0.162313156138576 0.402236993881639
43.3655712213285 27.3565782625945 46.0254998196918 -0.201884234483511 0.941572077152096 -0.269601148726184 -0.206520069698302 0.228154825372377 0.951469829511729 -0.631191413114866 0.768132680299274 0.152913758002852 -0.20144795381247 -0.339445693107666 -0.309295852086914
43.5314535020037 27.6971565730325 46.4855492286003 -0.728022130416884 0.521607861238684 -0.444869662617296 -0.296088462187218 0.346039702140562 0.890274197706563 0.365128232089373 -0.518377437060957 0.121796020845381 -0.388603554688132 0.287851745497161 0.550328794325184
43.6045821748773 28.1956276402128 46.71342649089 -0.97301260128127 -0.158531027381858 -0.16767346571572 -0.216614281350971 0.377087290686531 0.900490659761375 0.419173936772852 -0.107144326498829 -0.111883500680814 0.00547274954849552 0.300111096627199 -0.646548033343523
t = 500000
b = 4 4 4
E = -1.0694752892468 -1.3403062490145 0.270830959767703
54.2808386148459 14.3536572438017 48.7818027649349 -0.841082647205193 -0.502579212829538 -0.199985287963694 -0.416728821123856 0.366368461252876 0.831932232963701 0.354144519671078 0.163850163383953 0.0348350156115179 0.529211084625245 0.118898610740171 0.308374994260267
53.927884799037 14.4974105487765 49.1779524020852 -0.351255002078587 -0.91914542898581 -0.1783020019216 -0.448237488280146 -0.00211135523043295 0.893912018198322 0.294395683950959 -0.135208771032627 0.359331725792529 -0.0330457245997494 -0.294589416233105 0.299203761433162
53.4932993721622 14.5800649568754 49.4958376733722 0.151980349995131 -0.988304923468943 -0.012464006676723 -0.414916083330972 -0.0752406922431896 0.906743338560644 0.0822045881333259 0.434221055472302 0.164512490077543 0.0622713847012491 -0.183069269954818 -0.195297695795397
53.0349454378102 14.3845875130645 49.7145352500242 0.658189245333809 -0.715078410484737 0.235477778538799 -0.419912671200998 -0.0890850288595905 0.903181712723402 -0.140581955197705 -0.0416321344512472 -0.235478281199888 0.399411787533412 -0.0685445833524383 0.190692748032406
52.6964691370158 14.0710682480919 49.980330409505 0.910421114168612 -0.120821292439388 0.395645814042386 -0.40619317074649 -0.0799212553152391 0.91028550520579 0.267583858596804 -0.212455662212239 -0.186497399537102 0.0974817424777325 0.288716309825584 -0.371602495868951
52.6037196390778 13.6969258087121 50.2742272277961 0.600130959960835 0.645141082596376 0.472901484923524 -0.591960433034156 -0.0394223929791091 0.805002310961766 -0.116707639596666 0.433154704415054 0.182902898856069 -0.0165171484529987 0.204581230547033 0.204623352299135
53.6401190359685 14.1722357164719 50.6605151968539 -0.736371425999345 -0.673630705470497 -0.0630776950990635 0.232445403790208 -0.164330707471706 -0.958626388557417 -0.0773919730637166 0.132456356303449 -0.017183252706522 0.471835631613589 -0.683449911838385 -0.242769330245705
53.7603949675339 13.784952160637 50.3789176720726 -0.941080138661162 0.0335717714478741 -0.336513162861942 0.336763922265937 0.00194763153806653 -0.941587100268204 0.274390090778709 -0.328566852360928 -0.209035688085888 0.175883457649246 -0.455852506807927 0.0482393288073077
53.8296075349056 13.5074628692317 49.9984051075182 -0.721023310398002 0.657519163380846 -0.218618241804459 0.26943286049834 -0.0246339518276559 -0.962704057382678 -0.515500776793641 0.302536769016107 -0.198933708647358 -0.435628279348154 -0.4223305724687 0.0279026979889144
53.7071630221921 13.3752481311289 49.5043931340201 -0.220381591907542 0.975409706575926 -0.00280325983966986 0.057550808831854 0.0101338640835652 -0.998291144507199 -0.338534930053668 0.14700137048579 0.130145430555249 -0.265248998353065 0.176350465687422 -0.459837480571515
53.4920250058171 13.4319280263721 49.0087490017422 0.388022503836119 0.912586595587427 0.128935030425688 0.0794322479326162 0.106262558741875 -0.991160323357406 0.250347942755979 0.373092741757242 0.19429556150907 0.28949890532806 0.147422253974665 0.129821812723204
53.189844939662 13.7061625586926 48.6389409094579 0.904786737171412 0.417106624203984 0.0859245266721049 -0.00732800617624024 0.216983642960276 -0.976147734215043 0.234183626206556 0.439081766955001 0.0211945248201353 -0.0820252019761245 0.426065105571559 0.999205174089815
t = 600000
b = 4 4 4
E = -0.956321254402934 -1.19978445360391 0.243463199200978
55.6059745079956 11.044894107024 52.3874287783059 0.323356325094092 0.170138956402749 -0.930856284576636 -0.906467493728532 0.338017460467537 -0.253102507361364 0.0571386206949304 0.578359633601437 -0.126428064344096 -0.458992864622533 0.113341639267435 0.263059321379186
55.2723480854149 11.4556648490489 52.227932945543 0.212174867918676 -0.464613082820298 -0.859718854449489 -0.832724825054533 0.374445560040905 -0.407872392181145 -0.256519145655385 0.0774823843172165 0.39265663316703 -0.395456900230723 -0.0664365581946085 0.0803458329042879
55.1356099490674 11.8285279725029 51.8610785011254 -0.00948440990106942 -0.844394968820872 -0.535637174399643 -0.854150252627865 0.285365290637987 -0.434734398034994 0.245191338371248 0.343835221149748 0.0560848863179208 0.0154325696097101 0.135710994667528 -0.00107024067346745
54.9250574120045 12.0063896914551 51.3735107389192 -0.311431812627493 -0.947527314268874 0.0721263807350869 -0.821148733169551 0.230139492919742 -0.522255274566618 -0.248337427703962 0.390378625179574 0.216039884027517 0.10559204986343 -0.20068725063737 0.0707234796122554
54.697978764875 11.8788152380889 50.9465878650973 -0.464858070952594 -0.640466515392305 0.611317934083027 -0.8202813871838 0.0516728680942522 -0.569621243057874 -0.273746153838857 0.428990425889055 0.0908545806445833 -0.200868436141349 -0.18826347954879 0.401536349604179
54.3545505130448 11.5875813459181 50.7900323296556 -0.521767857291826 0.0290527215288989 0.852592659169013 -0.842480394931178 0.139564114052051 -0.520335124919993 0.371661473860643 0.173250978476279 0.126147250968461 0.101768664663777 -0.155078650263259 0.117157134969367
54.003255189858 11.6860902746238 51.8638262944023 -0.268141054806002 -0.150754119497323 -0.95151120339286 0.772656817374992 -0.623582024145399 -0.118940748806815 0.0400817683685909 0.257131835709531 0.312621760693499 -0.287730797727258 -0.539821942114183 0.0198010360134111
54.1396752516565 11.2432027563281 51.8509560740183 0.341657515927181 0.552414408256541 -0.7603344417827 0.781062465855907 -0.616843139602296 -0.0971903573234369 -0.26057734216052 0.182829109450164 -0.108852893024881 0.452355381526045 0.219769983048409 -0.42021288803024
54.4271876204966 10.9646473281335 51.5109302433301 0.52549157889771 0.845110237237528 0.0982206059028925 0.849796771476607 -0.526964617027202 -0.0123991769613045 0.64589987022235 -0.282452899493064 -0.124371592248115 -0.0194395576873852 -0.186171879409664 -0.00681116337494764
54.9505910809893 10.8462348985692 51.2545533996836 0.274431158852782 0.791394199147679 0.5462442316456 0.958999231408144 -0.267046733541796 -0.0949026673138009 -0.134795416522861 0.19988640660307 -0.0104070793926853 0.318895146714791 -0.148115449970214 -0.491400870566575
55.4863488101106 10.9535884758025 51.1153855911292 -0.119217377657752 0.396642599188477 0.910198805412028 0.980639443710718 -0.0963979092548063 0.170451531322169 -0.317532541414845 -0.0826212896363288 -0.102529574458148 -0.637898219730381 -0.200333261150612 -0.00256140126279791
55.9091530452126 11.2557854679045 51.241494945694 -0.281319782651633 -0.340441445387307 0.897194963289179 0.959355122860078 -0.12149566881829 0.254708756623122 -0.250544635466493 0.716988126315358 -0.370329318170364 0.430111668091025 0.159859785410216 -0.0794620677439346
t = 700000
b = 4 4 4
E = -1.06463848460885 -1.30890330052127 0.244264815912417
66.3405561540405 27.5049813035911 48.8495535656751 -0.78881859446204 -0.610185784518977 0.073746412806927 0.343005891043474 -0.33747432775779 0.876617383362829 -0.0489623648902596 -0.253969358453247 0.0349143473475703 0.0445674831717606 0.231972028469776 -0.307220297760402
66.2238857477229 27.3624878536511 49.3969592598307 -0.50117939378413 -0.810512497382238 -0.303131500892548 0.276499998950088 -0.481931258957641 0.831438519807755 -0.338602906026357 0.151894191101618 0.532117424192108 0.00455688021978282 0.24060607261725 -0.0951870511200918
66.161541228754 27.1125238215295 49.8428400555087 0.0548792907804822 -0.774101472404931 -0.630678344216753 0.42725121843218 -0.552679664803289 0.715542859974978 0.00495934001689104 -0.000709655555386471 0.689170581691526 0.345054065779196 -0.196247036737378 0.516296067737647
66.1755828336073 26.743011332214 50.1591237060724 0.369547040727936 -0.494437928209886 -0.786743998920076 0.458169910086254 -0.639643112344953 0.617200957809711 0.335571937295972 0.284444246752455 -0.00177782480195665 -0.261061744857197 -0.103048107790584 0.0413218763679147
66.1401386637236 26.2580249974424 50.3527349777595 0.787283551709329 -0.0590061069438568 -0.613761263482203 0.46405940218189 -0.598728875773057 0.652818967679529 0.122550990990425 -0.0742515330366276 -0.0797712526375711 -0.136275163623764 -0.456749489598217 0.280038245315669
66.3021282589162 25.7838899004225 50.4714415154337 0.812425970530162 0.51764391681908 -0.268344587775408 0.54508269758725 -0.510894703172277 0.664734123587408 0.413451165180674 -0.768664194689139 -0.131283215762886 0.228762369946372 -0.208121662783542 -0.274589282299807
67.2569124258169 26.1367380018511 50.090751473983 -0.784499923622585 -0.610298254463568 0.109981409496487 -0.373935561997552 0.324069759659886 -0.86899423838572 -0.25874820045507 0.145309339114172 0.483811702525321 0.0530671255358932 -0.0206926925615985 -0.208907806197155
67.0902952913829 26.2247868248874 49.630597845637 -0.814278197359789 -0.0724139426354462 0.575940307858827 -0.579462525145403 0.159974509166725 -0.799144128658276 0.288440536600741 -0.0918444362474082 0.185128394310659 -0.54357796506001 -0.142897562825541 -0.46757543396113
66.7275346492667 26.189235089245 49.2189339929238 -0.538959074059129 0.446657124754596 0.714157216161317 -0.679488155933102 0.27052602646849 -0.681990846675952 -0.0586952111867755 -0.0155380672137682 -0.342990398952061 0.183789178319635 0.303864447848762 -0.0640663332347703
66.2446152425836 26.1921901913802 49.0340265441475 -0.125889256307867 0.719634530460003 0.682845544553002 -0.629310109756571 0.474170423154216 -0.615736303594261 0.282606337237522 -0.491128701432147 0.0139895701774105 0.303043162414939 -0.248318959830007 -0.278279058871876
65.7321116751345 26.4202125720244 48.9693593914554 0.334582254289859 0.833412477519883 0.439861748085121 -0.533820765767902 0.552268849036071 -0.640339369724647 0.0670563645233261 0.166921651053926 0.684316952233613 0.213868550553939 0.0195198656284482 -0.0557234268950416
65.3465499436299 26.824327003041 48.9431781180118 0.835231658949394 0.535439091981692 -0.125271922897624 -0.454756764653605 0.544480417827128 -0.704795970196053 -0.00101078673783892 -0.314954885454668 -0.103108182471638 0.441052065831191 -0.07678153703502 0.0847639581421626
t = 800000
b = 4 4 4
E = -1.09510598591177 -1.36706344304459 0.27195745713282
66.6468407055105 9.4769214780431 52.0525328570026 0.654577433603545 0.420879562391863 -0.628003803633235 0.0485808962918527 0.805563628356187 0.590514298882821 0.0989968399848974 -0.151429118818406 -0.318003648980058 -0.313979327467644 0.40113499201004 0.161966595318116
67.0207528967262 9.72142574525309 52.3371180587894 0.0392804688095378 0.656617161599446 -0.753200469903731 0.164642410168022 0.739226533980882 0.653021445461561 0.126924535423999 -0.0404573437684099 -0.248806388246808 0.452794020828194 0.558936334815143 0.217274198908482
67.30752188615 10.1001774276242 52.5725431623316 -0.673081199705158 0.408434994280067 -0.616557016058455 -0.0588192065765599 0.801467099619619 0.595139302319207 -0.472165991175907 0.404756106987324 -0.522744772236632 0.665538708479674 0.298279412389221 0.405108381792989
67.3351361280314 10.6109607860548 52.6580077189252 -0.898712840476548 0.0259810060921249 -0.437767309977565 -0.142103244399134 0.927128920685295 0.346754426590613 -0.171403024245864 0.272589288444865 -0.26623119094606 0.391501352228943 -0.477126716602422 -0.420147487401672
67.3081275952148 11.0981746176299 52.5137325663577 -0.936671591516538 -0.259849589296353 0.234786116685838 -0.156218080863837 0.910039181056706 0.383959112605578 0.0647202898958363 0.415893979195867 0.113186884954352 0.0554446122379561 -0.118112741133384 -0.119491862534582
67.105688741243 11.5432261090419 52.4596233499803 -0.413403398921303 -0.534776248028488 0.73696132483659 -0.0971803624479549 0.830650505425384 0.548247859084808 -0.0858205861177566 -0.498678586304793 0.114380102893939 -0.101612860229066 0.0952009638731636 0.434405282144773
66.2614597490793 11.1752281121917 53.0711138175118 0.589709210034489 0.450859813913425 -0.670051099393511 0.0151191823396578 -0.835683501408321 -0.549003183778857 -0.576879702023567 -0.0931622802932889 -0.20392383984339 0.0710321275721525 -0.0159056732517878 -0.118115695922361
66.1344860808761 10.8712339610009 52.6383897598127 0.991331446680699 0.126047705636847 0.0370666794528243 0.119656473299803 -0.7496478922816 -0.650930384907012 -0.64305651527936 -0.0323451707643953 -0.050111429263696 -0.0341413422679702 0.0292773744334804 -0.425495134395211
66.252787261659 10.6587947240711 52.135480865127 0.887453205662997 0.0190153146228142 0.460505402322544 0.378690300975153 -0.599610219535588 -0.705025702067539 -0.130153762731617 0.107416890633674 0.083095026930505 -0.473995012503459 0.0290090969418348 -0.577052400885508
66.596134984545 10.698562350899 51.7500233415793 0.492775846847815 -0.53385006348856 0.687150692698986 0.320207636275301 -0.623022943446368 -0.713659219523148 -0.276561035894243 -0.02340196273211 0.153739128480504 -0.134113148690979 0.214895355746444 -0.491048280253307
67.0578893174026 10.4653520575298 51.4513590926327 -0.0834432152641256 -0.650404001489979 0.754991301057269 0.356840602633811 -0.726894964337666 -0.586761020461014 -0.0828837554060601 -0.163361115894047 0.144275575859393 0.372345104063808 0.188996648683976 -0.200700984859165
67.3467393071539 10.081488484145 51.2239731577017 -0.61201878984003 -0.486100875551553 0.623810018892587 0.170460829303747 -0.85133389722758 -0.496158947419447 0.185469267743372 0.0723235895375111 -0.12414374993808 0.323758117357551 -0.475579912389876 -0.13853272962625
t = 900000
b = 4 4 4
E = -1.02196350371265 -1.35090395338468 0.328940449672034
67.0691338816557 4.32037599940945 54.6741152563257 0.520738122925502 -0.140638093101283 0.842052690810261 0.363942329009298 -0.855651270264227 -0.367976744986029 -0.290541061638325 0.0948975782547321 0.00496393622104896 0.204198005368933 -0.21752093189856 0.00298393270861053
67.464909292639 4.02415621739477 54.4590533519573 0.0758469723089975 -0.246601168850257 0.966144451059591 0.456496470124908 -0.852841864853272 -0.253518690271778 0.404048866710825 -0.600026587429482 0.0251282517341091 -0.221771945727691 0.434668054729931 0.55090762766212
67.9682566536372 3.69585562677647 54.4976526647784 -0.604060160611218 -0.372508908802973 0.704520003424152 0.472214544224052 -0.879431617344541 -0.0601120174176802 -0.0605748848988442 -0.472337825133092 -0.1373697214597 0.504147310491337 -0.434254721913569 -0.0680853143529027
68.2216248036848 3.28287551714785 54.7698069419876 -0.921516462814769 -0.35778460547004 0.150988691132611 0.335654764666916 -0.929366863819128 -0.153665582976099 -0.345600168570486 0.557103047030287 0.178975009243771 0.289198551595212 -0.116816560996888 -0.186704157874024
68.3686375947348 2.81151221453188 54.9753703509068 -0.898225846086624 -0.141804797691509 -0.416030922857545 0.247331937930401 -0.945517085198982 -0.21171762816644 -1.1242484864137 0.375062374623373 0.139712797908514 0.152607594327679 0.0994439594007868 0.276144903553117
68.3409660358049 2.32625874799709 55.0893360724376 -0.612545968366111 0.131712858081106 -0.779383833328954 -0.01341030267224 -0.987608707355115 -0.156362415364141 -0.039237215536221 0.382649898412369 -0.0113118509303553 0.2848543289282 -0.197691559001924 -0.00346037253646202
67.5208903376727 2.42587896742418 54.2391170353603 0.5026583868351 -0.228714900522944 0.833681018389633 -0.181059074577345 0.91512552696097 0.360226153156129 0.69221250896845 0.125645434905721 0.161262014178671 -0.0906493319948291 -0.221814239869998 -0.21625610976123
67.2536998170147 2.68302793181412 54.5630700346173 0.889106312183483 0.0443534173351048 0.455546638672939 -0.261430550368152 0.866172493603008 0.425909941959331 -0.305364487153818 0.322664505261266 -0.0875714139138642 0.408859378098318 0.10602533561378 0.533316811250764
67.1045362279802 2.87219922009829 55.0472043832027 0.913364531366173 0.291464241103126 -0.284277732157174 -0.15982279632791 0.89885057390753 0.408073914334175 0.0534561496812967 -0.854059100781485 -0.0755271575491272 0.0389515999783557 0.203342230778872 0.25919522794519
67.181378057009 3.25710474914179 55.3991932615027 0.648358896697459 0.307271809158723 -0.696573597238413 -0.0994181320614778 0.941273443470744 0.322676834672334 -0.0424161783049919 -0.468780736464209 -0.144020600234087 0.0789824598291188 0.453465273214496 0.120732081355035
67.493138075517 3.63245505881541 55.5937542277516 0.0972886663610617 0.365182095790698 -0.925838513085105 -0.0627935527211941 0.930650310466441 0.360481579786489 0.453153673749004 -0.0943330388723453 0.0237757947434676 0.0902545535020528 -0.0713394996671343 -0.376714344016022
67.7855414004097 4.04939085821684 55.624843776808 -0.646897288962449 0.287173123736244 -0.706438599268599 0.0643039950768374 0.943625988875171 0.324707544317148 0.0724741027057907 0.148855830843252 -0.0672113215095198 -0.00510797397538788 0.731843139433964 -0.102037129277149
t = 1000000
b = 4 4 4
E = -0.815339902907793 -1.06926209778344 0.253922194875644
67.4127381361758 3.24626885246425 43.0249663819813 0.396142465162863 0.222125178620306 -0.89091613091109 -0.909298646162908 0.229603414144289 -0.347070949950567 -0.403630470054602 -0.377308844169063 0.200605148096879 -0.0386276027797229 -0.273431417090937 0.00506214285415651
66.9874971310382 3.61682611111284 42.8610487153885 0.354211460778268 -0.472658863010681 -0.806924928522335 -0.892273992393496 0.0875054978027404 -0.442933302374597 -0.363453600003068 -0.284468198560122 -0.19507905984232 -0.0249920922377591 0.413723050801409 0.370918370528783
66.6853502052544 3.8537151488905 42.5203576162124 0.202585445852536 -0.883844681034047 -0.42163694920696 -0.873946931477983 0.0310649711899468 -0.485027554397877 -0.237309481939335 -0.15941782079279 -0.0519585201436754 -0.0961975975638218 -0.309443338519004 0.116769858667753
66.4298562606851 3.85661610769495 42.0045335455197 -0.0796356788356401 -0.973427791489205 0.214700939478232 -0.852821905026853 -0.0449807163439975 -0.520261024355611 0.284385220748687 -0.152770208718037 0.572491211440827 0.128057463209599 0.278196918973077 0.184604688015244
66.0704138159421 3.73337910376323 41.5828906525153 -0.146898846485164 -0.578832504303244 0.802105766631411 -0.892376470041735 -0.272266576526592 -0.359909915148696 -0.471364088170297 -0.408632054219003 -0.479415295626785 0.169825580622652 0.203856020025463 0.0656534394744163
65.7187254505946 3.35316871836088 41.4086579523631 -0.313494789288123 0.0460942434625187 0.948470525535092 -0.913808407163676 -0.286246562959114 -0.288126882104187 0.62299075931311 0.221257425433351 -0.051558225560939 -0.0928617063660652 0.058425386373986 0.20638129665371
66.1796150792337 2.29186923634362 43.1002289982652 -0.926319123533034 0.204434602087392 0.31644806026639 0.166814436015173 0.975705358572939 -0.142028156324699 0.299186156857025 0.0162973310286751 0.108727465561901 -0.0611724336984949 0.0838937460277502 -0.0244298892210752
66.2459819536817 2.85404221841928 42.916375772587 -0.743058447321215 -0.178558915491322 0.644965780148953 -0.132912975529743 0.983924942706214 0.11927215960317 -0.0639129700446985 -0.385366825889033 -0.178381056377584 0.0193907349854333 0.633829118896546 -0.277434817246386
66.453632933441 2.64794287746409 42.2216017969005 0.00395796759743001 0.987930613673592 -0.154846495146057 0.984894115756008 0.0229550831004778 0.171629382417583 0.271981651081005 0.298327894452255 0.437421542393087 0.138477434346214 -0.0491297346930831 -0.0768337417596069
66.9301447328555 2.75885992591532 42.0963289037326 -0.228295273576282 0.93308586870444 0.277906512494421 0.961409174085012 0.17104412963881 0.215490848300519 -0.264277698105212 0.454732697749291 -0.576233141605211 -0.0388924910239015 0.264933276685772 -0.288026983614808
67.3679509033499 3.04309162302988 41.9002825185619 -0.25250737152402 0.549332967769149 0.796538334198656 0.957678381612686 0.25944341951155 0.124664467527278 -0.0512076164849758 -0.276722672754273 -0.131366433529147 -0.0511831293508871 -0.246178396845521 -0.0171588897305515
67.6822404525475 3.48707225586622 41.8886945194936 -0.25009286870861 -0.156617900432101 0.955470768932958 0.892989289113908 0.344078007955807 0.290138680580514 0.145150270130754 0.829669100404704 0.372934531893847 0.149729343075303 -0.455439921164173 0.0312473436277452
