#t = 1000; extr. Ts: 0.0963333 0.0976667 0.0983333 0.0993333 0.100333 0.101333 0.102333 0.103333 0.104333 0.105333 0.106333 0.107333 0.108333 
0 0 0 0 0 0 0 0 0 0 0 0 0 0 0 0 0 
1 0 0 0 0 0 0 0 0 0 0 0 0 0 0 0 0 
2 0 0 0 0 0 0 0 0 0 0 0 0 0 0 0 0 
3 0 0 0 0 0 0 0 0 0 0 0 0 0 0 0 0 
4 0 619 51.1733 1926.29 247.247 90.571 20.627 4.84676 1.17378 0.292694 0.0750793 0.0197931 0.00535821 0.00148827 0.000423796 0.000123628 
5 0 11369 11369 570488 62143.3 21036.5 4272.45 899.394 196.03 44.1913 10.2933 2.47487 0.613644 0.156764 0.0412242 0.0111496 
0 1 0 0 0 0 0 0 0 0 0 0 0 0 0 0 0 
1 1 0 0 0 0 0 0 0 0 0 0 0 0 0 0 0 
2 1 0 0 0 0 0 0 0 0 0 0 0 0 0 0 0 
3 1 0 0 0 0 0 0 0 0 0 0 0 0 0 0 0 
4 1 0 0 0 0 0 0 0 0 0 0 0 0 0 0 0 
5 1 0 0 0 0 0 0 0 0 0 0 0 0 0 0 0 
#t = 2000; extr. Ts: 0.0963333 0.0976667 0.0983333 0.0993333 0.100333 0.101333 0.102333 0.103333 0.104333 0.105333 0.106333 0.107333 0.108333 
0 0 0 0 0 0 0 0 0 0 0 0 0 0 0 0 0 
1 0 0 0 0 0 0 0 0 0 0 0 0 0 0 0 0 
2 0 0 0 0 0 0 0 0 0 0 0 0 0 0 0 0 
3 0 4362 18.0631 724.16 89.6648 32.2823 7.17024 1.64503 0.389458 0.095056 0.0238964 0.00618212 0.00164446 0.000449401 0.000126074 3.62794e-05 
4 0 8257 682.614 32077.7 3631.21 1250.99 260.328 56.0206 12.4539 2.85745 0.676046 0.164784 0.0413452 0.0106697 0.00282982 0.000770741 
5 0 11369 11369 570488 62143.3 21036.5 4272.45 899.394 196.03 44.1913 10.2933 2.47487 0.613644 0.156764 0.0412242 0.0111496 
0 1 0 0 0 0 0 0 0 0 0 0 0 0 0 0 0 
1 1 0 0 0 0 0 0 0 0 0 0 0 0 0 0 0 
2 1 0 0 0 0 0 0 0 0 0 0 0 0 0 0 0 
3 1 0 0 0 0 0 0 0 0 0 0 0 0 0 0 0 
4 1 0 0 0 0 0 0 0 0 0 0 0 0 0 0 0 
5 1 0 0 0 0 0 0 0 0 0 0 0 0 0 0 0 
#t = 3000; extr. Ts: 0.0963333 0.0976667 0.0983333 0.0993333 0.100333 0.101333 0.102333 0.103333 0.104333 0.105333 0.106333 0.107333 0.108333 
0 0 0 0 0 0 0 0 0 0 0 0 0 0 0 0 0 
1 0 380 0.00161074 0.0346682 0.00611067 0.00261198 0.000746015 0.000218558 6.56292e-05 2.01847e-05 6.35381e-06 2.0457e-06 6.73228e-07 2.2632e-07 7.76721e-08 2.71978e-08 
2 0 8289 1.30557 41.429 5.84727 2.24737 0.550456 0.139223 0.0363233 0.00976576 0.00270304 0.000769511 0.000225114 6.76138e-05 2.08329e-05 6.57948e-06 
3 0 7061 29.2397 1167.62 144.924 52.2301 11.6154 2.66741 0.631917 0.15429 0.0387906 0.0100334 0.00266769 0.000728512 0.000204178 5.8685e-05 
4 0 8889 734.862 33879.2 3874.37 1342.23 281.84 61.2463 13.7606 3.1935 0.764852 0.188881 0.0480536 0.0125844 0.00338968 0.00093834 
5 0 11369 11369 570488 62143.3 21036.5 4272.45 899.394 196.03 44.1913 10.2933 2.47487 0.613644 0.156764 0.0412242 0.0111496 
0 1 0 0 0 0 0 0 0 0 0 0 0 0 0 0 0 
1 1 0 0 0 0 0 0 0 0 0 0 0 0 0 0 0 
2 1 0 0 0 0 0 0 0 0 0 0 0 0 0 0 0 
3 1 0 0 0 0 0 0 0 0 0 0 0 0 0 0 0 
4 1 0 0 0 0 0 0 0 0 0 0 0 0 0 0 0 
5 1 0 0 0 0 0 0 0 0 0 0 0 0 0 0 0 
#t = 4000; extr. Ts: 0.0963333 0.0976667 0.0983333 0.0993333 0.100333 0.101333 0.102333 0.103333 0.104333 0.105333 0.106333 0.107333 0.108333 
0 0 0 0 0 0 0 0 0 0 0 0 0 0 0 0 0 
1 0 5667 0.0240212 0.534051 0.0922296 0.039108 0.0110652 0.00322126 0.000964009 0.000296315 9.3472e-05 3.02352e-05 1.00209e-05 3.40041e-06 1.1805e-06 4.18988e-07 
2 0 9281 1.46181 44.8565 6.44371 2.50122 0.622665 0.160348 0.0426734 0.0117251 0.003323 0.000970507 0.000291826 9.02638e-05 2.86933e-05 9.36576e-06 
3 0 12782 52.9304 2040.93 258.348 94.0211 21.2157 4.94281 1.1878 0.294137 0.0749882 0.0196647 0.0052998 0.00146674 0.000416511 0.000121268 
4 0 8889 734.862 33879.2 3874.37 1342.23 281.84 61.2463 13.7606 3.1935 0.764852 0.188881 0.0480536 0.0125844 0.00338968 0.00093834 
5 0 11369 11369 570488 62143.3 21036.5 4272.45 899.394 196.03 44.1913 10.2933 2.47487 0.613644 0.156764 0.0412242 0.0111496 
0 1 0 0 0 0 0 0 0 0 0 0 0 0 0 0 0 
1 1 0 0 0 0 0 0 0 0 0 0 0 0 0 0 0 
2 1 0 0 0 0 0 0 0 0 0 0 0 0 0 0 0 
3 1 0 0 0 0 0 0 0 0 0 0 0 0 0 0 0 
4 1 0 0 0 0 0 0 0 0 0 0 0 0 0 0 0 
5 1 0 0 0 0 0 0 0 0 0 0 0 0 0 0 0 
#t = 5000; extr. Ts: 0.0963333 0.0976667 0.0983333 0.0993333 0.100333 0.101333 0.102333 0.103333 0.104333 0.105333 0.106333 0.107333 0.108333 
0 0 0 0 0 0 0 0 0 0 0 0 0 0 0 0 0 
1 0 9347 0.0396199 0.884386 0.152442 0.0645572 0.0182237 0.0052905 0.00157817 0.000483328 0.000151849 4.89022e-05 1.6131e-05 5.44619e-06 1.8807e-06 6.63816e-07 
2 0 16204 2.55223 73.7942 10.9576 4.32501 1.10422 0.291688 0.0796431 0.0224555 0.00653174 0.0019582 0.00060451 0.000191986 6.26706e-05 2.10084e-05 
3 0 14179 58.7154 2248.53 285.665 104.171 23.5826 5.51404 1.33034 0.330883 0.0847656 0.0223475 0.00605827 0.00168748 0.00048258 0.000141589 
4 0 8889 734.862 33879.2 3874.37 1342.23 281.84 61.2463 13.7606 3.1935 0.764852 0.188881 0.0480536 0.0125844 0.00338968 0.00093834 
5 0 11369 11369 570488 62143.3 21036.5 4272.45 899.394 196.03 44.1913 10.2933 2.47487 0.613644 0.156764 0.0412242 0.0111496 
0 1 0 0 0 0 0 0 0 0 0 0 0 0 0 0 0 
1 1 0 0 0 0 0 0 0 0 0 0 0 0 0 0 0 
2 1 0 0 0 0 0 0 0 0 0 0 0 0 0 0 0 
3 1 0 0 0 0 0 0 0 0 0 0 0 0 0 0 0 
4 1 0 0 0 0 0 0 0 0 0 0 0 0 0 0 0 
5 1 0 0 0 0 0 0 0 0 0 0 0 0 0 0 0 
#t = 6000; extr. Ts: 0.0963333 0.0976667 0.0983333 0.0993333 0.100333 0.101333 0.102333 0.103333 0.104333 0.105333 0.106333 0.107333 0.108333 
0 0 0 0 0 0 0 0 0 0 0 0 0 0 0 0 0 
1 0 9347 0.0396199 0.884386 0.152442 0.0645572 0.0182237 0.0052905 0.00157817 0.000483328 0.000151849 4.89022e-05 1.6131e-05 5.44619e-06 1.8807e-06 6.63816e-07 
2 0 17697 2.78739 80.8285 11.9864 4.72655 1.20455 0.31749 0.0864659 0.024309 0.00704862 0.00210605 0.000647861 0.000205005 6.66724e-05 2.22667e-05 
3 0 23740 98.3076 3660.17 472.233 173.594 39.791 9.42477 2.30448 0.581148 0.151017 0.0404032 0.0111198 0.00314576 0.000914038 0.000272578 
4 0 9777 808.273 36583.9 4226.01 1471.77 311.566 68.2775 15.4732 3.62273 0.875435 0.218144 0.0560014 0.0147982 0.00402158 0.00112305 
5 0 11427 11427 572752 62428.4 21139.8 4295.58 904.731 197.297 44.501 10.3711 2.49494 0.618955 0.158205 0.0416252 0.0112639 
0 1 0 0 0 0 0 0 0 0 0 0 0 0 0 0 0 
1 1 0 0 0 0 0 0 0 0 0 0 0 0 0 0 0 
2 1 0 0 0 0 0 0 0 0 0 0 0 0 0 0 0 
3 1 0 0 0 0 0 0 0 0 0 0 0 0 0 0 0 
4 1 0 0 0 0 0 0 0 0 0 0 0 0 0 0 0 
5 1 0 0 0 0 0 0 0 0 0 0 0 0 0 0 0 
#t = 7000; extr. Ts: 0.0963333 0.0976667 0.0983333 0.0993333 0.100333 0.101333 0.102333 0.103333 0.104333 0.105333 0.106333 0.107333 0.108333 
0 0 0 0 0 0 0 0 0 0 0 0 0 0 0 0 0 
1 0 9347 0.0396199 0.884386 0.152442 0.0645572 0.0182237 0.0052905 0.00157817 0.000483328 0.000151849 4.89022e-05 1.6131e-05 5.44619e-06 1.8807e-06 6.63816e-07 
2 0 17697 2.78739 80.8285 11.9864 4.72655 1.20455 0.31749 0.0864659 0.024309 0.00704862 0.00210605 0.000647861 0.000205005 6.66724e-05 2.22667e-05 
3 0 23740 98.3076 3660.17 472.233 173.594 39.791 9.42477 2.30448 0.581148 0.151017 0.0404032 0.0111198 0.00314576 0.000914038 0.000272578 
4 0 20163 1666.89 78283.6 8857.35 3053.14 636.501 137.376 30.6647 7.07222 1.68363 0.413346 0.10456 0.0272286 0.00729334 0.00200776 
5 0 13041 13041 659522 71521.8 24159.4 4891.47 1026.63 223.118 50.1585 11.6519 2.79425 0.691084 0.176112 0.0462007 0.0124661 
0 1 0 0 0 0 0 0 0 0 0 0 0 0 0 0 0 
1 1 0 0 0 0 0 0 0 0 0 0 0 0 0 0 0 
2 1 0 0 0 0 0 0 0 0 0 0 0 0 0 0 0 
3 1 0 0 0 0 0 0 0 0 0 0 0 0 0 0 0 
4 1 0 0 0 0 0 0 0 0 0 0 0 0 0 0 0 
5 1 0 0 0 0 0 0 0 0 0 0 0 0 0 0 0 
#t = 8000; extr. Ts: 0.0963333 0.0976667 0.0983333 0.0993333 0.100333 0.101333 0.102333 0.103333 0.104333 0.105333 0.106333 0.107333 0.108333 
0 0 0 0 0 0 0 0 0 0 0 0 0 0 0 0 0 
1 0 9347 0.0396199 0.884386 0.152442 0.0645572 0.0182237 0.0052905 0.00157817 0.000483328 0.000151849 4.89022e-05 1.6131e-05 5.44619e-06 1.8807e-06 6.63816e-07 
2 0 17697 2.78739 80.8285 11.9864 4.72655 1.20455 0.31749 0.0864659 0.024309 0.00704862 0.00210605 0.000647861 0.000205005 6.66724e-05 2.22667e-05 
3 0 23871 98.85 3683.29 475.003 174.573 40.0026 9.4719 2.31529 0.583702 0.151637 0.0405581 0.0111596 0.00315621 0.000916857 0.000273357 
4 0 23430 1936.98 89683.8 10228.4 3539.78 742.331 161.157 36.1808 8.3916 2.00875 0.495807 0.126068 0.0329929 0.00887939 0.00245546 
5 0 21643 21643 1.06951e+06 117569 39960.2 8159.79 1725.65 377.551 85.3683 19.9287 4.79852 1.19063 0.30416 0.0799298 0.0215893 
0 1 0 0 0 0 0 0 0 0 0 0 0 0 0 0 0 
1 1 0 0 0 0 0 0 0 0 0 0 0 0 0 0 0 
2 1 0 0 0 0 0 0 0 0 0 0 0 0 0 0 0 
3 1 0 0 0 0 0 0 0 0 0 0 0 0 0 0 0 
4 1 0 0 0 0 0 0 0 0 0 0 0 0 0 0 0 
5 1 0 0 0 0 0 0 0 0 0 0 0 0 0 0 0 
#t = 9000; extr. Ts: 0.0963333 0.0976667 0.0983333 0.0993333 0.100333 0.101333 0.102333 0.103333 0.104333 0.105333 0.106333 0.107333 0.108333 
0 0 0 0 0 0 0 0 0 0 0 0 0 0 0 0 0 
1 0 9347 0.0396199 0.884386 0.152442 0.0645572 0.0182237 0.0052905 0.00157817 0.000483328 0.000151849 4.89022e-05 1.6131e-05 5.44619e-06 1.8807e-06 6.63816e-07 
2 0 22839 3.59728 104.028 15.4612 6.09951 1.55422 0.409188 0.111204 0.0311685 0.00900191 0.00267679 0.000818844 0.000257485 8.31632e-05 2.75681e-05 
3 0 30729 127.249 4732.19 611.019 224.672 51.5125 12.2021 2.98332 0.752149 0.195372 0.0522401 0.0143672 0.00406094 0.00117878 0.000351134 
4 0 23430 1936.98 89683.8 10228.4 3539.78 742.331 161.157 36.1808 8.3916 2.00875 0.495807 0.126068 0.0329929 0.00887939 0.00245546 
5 0 21643 21643 1.06951e+06 117569 39960.2 8159.79 1725.65 377.551 85.3683 19.9287 4.79852 1.19063 0.30416 0.0799298 0.0215893 
0 1 0 0 0 0 0 0 0 0 0 0 0 0 0 0 0 
1 1 0 0 0 0 0 0 0 0 0 0 0 0 0 0 0 
2 1 0 0 0 0 0 0 0 0 0 0 0 0 0 0 0 
3 1 0 0 0 0 0 0 0 0 0 0 0 0 0 0 0 
4 1 0 0 0 0 0 0 0 0 0 0 0 0 0 0 0 
5 1 0 0 0 0 0 0 0 0 0 0 0 0 0 0 0 
#t = 10000; extr. Ts: 0.0963333 0.0976667 0.0983333 0.0993333 0.100333 0.101333 0.102333 0.103333 0.104333 0.105333 0.106333 0.107333 0.108333 
0 0 0 0 0 0 0 0 0 0 0 0 0 0 0 0 0 
1 0 9347 0.0396199 0.884386 0.152442 0.0645572 0.0182237 0.0052905 0.00157817 0.000483328 0.000151849 4.89022e-05 1.6131e-05 5.44619e-06 1.8807e-06 6.63816e-07 
2 0 30139 4.74708 140.533 20.6127 8.0791 2.03879 0.531606 0.143085 0.0397178 0.0113601 0.00334525 0.00101337 0.000315553 0.000100928 3.31339e-05 
3 0 35183 145.693 5447.78 701.32 257.473 58.8904 13.9149 3.39332 0.853263 0.22104 0.058942 0.0161655 0.00455643 0.00131888 0.000391753 
4 0 23676 1957.32 90458.6 10327.3 3575.85 750.498 163.064 36.6393 8.50508 2.03764 0.503361 0.128096 0.0335515 0.00903712 0.00250108 
5 0 21643 21643 1.06951e+06 117569 39960.2 8159.79 1725.65 377.551 85.3683 19.9287 4.79852 1.19063 0.30416 0.0799298 0.0215893 
0 1 0 0 0 0 0 0 0 0 0 0 0 0 0 0 0 
1 1 0 0 0 0 0 0 0 0 0 0 0 0 0 0 0 
2 1 0 0 0 0 0 0 0 0 0 0 0 0 0 0 0 
3 1 0 0 0 0 0 0 0 0 0 0 0 0 0 0 0 
4 1 0 0 0 0 0 0 0 0 0 0 0 0 0 0 0 
5 1 0 0 0 0 0 0 0 0 0 0 0 0 0 0 0 
#t = 11000; extr. Ts: 0.0963333 0.0976667 0.0983333 0.0993333 0.100333 0.101333 0.102333 0.103333 0.104333 0.105333 0.106333 0.107333 0.108333 
0 0 0 0 0 0 0 0 0 0 0 0 0 0 0 0 0 
1 0 17638 0.0747636 1.79104 0.296358 0.123123 0.0338242 0.00957347 0.00278909 0.000835637 0.000257252 8.13055e-05 2.63601e-05 8.75986e-06 2.98151e-06 1.03859e-06 
2 0 33848 5.33127 158.524 23.2005 9.08106 2.28632 0.594568 0.15956 0.0441486 0.0125839 0.00369206 0.00111415 0.000345557 0.000110074 3.59862e-05 
3 0 35183 145.693 5447.78 701.32 257.473 58.8904 13.9149 3.39332 0.853263 0.22104 0.058942 0.0161655 0.00455643 0.00131888 0.000391753 
4 0 23676 1957.32 90458.6 10327.3 3575.85 750.498 163.064 36.6393 8.50508 2.03764 0.503361 0.128096 0.0335515 0.00903712 0.00250108 
5 0 21643 21643 1.06951e+06 117569 39960.2 8159.79 1725.65 377.551 85.3683 19.9287 4.79852 1.19063 0.30416 0.0799298 0.0215893 
0 1 0 0 0 0 0 0 0 0 0 0 0 0 0 0 0 
1 1 0 0 0 0 0 0 0 0 0 0 0 0 0 0 0 
2 1 0 0 0 0 0 0 0 0 0 0 0 0 0 0 0 
3 1 0 0 0 0 0 0 0 0 0 0 0 0 0 0 0 
4 1 0 0 0 0 0 0 0 0 0 0 0 0 0 0 0 
5 1 0 0 0 0 0 0 0 0 0 0 0 0 0 0 0 
#t = 12000; extr. Ts: 0.0963333 0.0976667 0.0983333 0.0993333 0.100333 0.101333 0.102333 0.103333 0.104333 0.105333 0.106333 0.107333 0.108333 
0 0 0 0 0 0 0 0 0 0 0 0 0 0 0 0 0 
1 0 26676 0.113074 2.6627 0.444892 0.185713 0.0513756 0.01464 0.00429318 0.00129443 0.000400918 0.000127449 4.15492e-05 1.38799e-05 4.7476e-06 1.66149e-06 
2 0 36810 5.7978 171.814 25.1974 9.87127 2.48802 0.647581 0.173894 0.0481328 0.0137213 0.00402527 0.00121426 0.000376375 0.000119789 3.912e-05 
3 0 35183 145.693 5447.78 701.32 257.473 58.8904 13.9149 3.39332 0.853263 0.22104 0.058942 0.0161655 0.00455643 0.00131888 0.000391753 
4 0 23676 1957.32 90458.6 10327.3 3575.85 750.498 163.064 36.6393 8.50508 2.03764 0.503361 0.128096 0.0335515 0.00903712 0.00250108 
5 0 21643 21643 1.06951e+06 117569 39960.2 8159.79 1725.65 377.551 85.3683 19.9287 4.79852 1.19063 0.30416 0.0799298 0.0215893 
0 1 0 0 0 0 0 0 0 0 0 0 0 0 0 0 0 
1 1 0 0 0 0 0 0 0 0 0 0 0 0 0 0 0 
2 1 0 0 0 0 0 0 0 0 0 0 0 0 0 0 0 
3 1 0 0 0 0 0 0 0 0 0 0 0 0 0 0 0 
4 1 0 0 0 0 0 0 0 0 0 0 0 0 0 0 0 
5 1 0 0 0 0 0 0 0 0 0 0 0 0 0 0 0 
#t = 13000; extr. Ts: 0.0963333 0.0976667 0.0983333 0.0993333 0.100333 0.101333 0.102333 0.103333 0.104333 0.105333 0.106333 0.107333 0.108333 
0 0 0 0 0 0 0 0 0 0 0 0 0 0 0 0 0 
1 0 38576 0.163515 3.53952 0.618718 0.26466 0.0761295 0.022623 0.00693896 0.00219483 0.000715302 0.000239984 8.28142e-05 2.93683e-05 1.06938e-05 3.99473e-06 
2 0 36910 5.81355 172.096 25.2525 9.89608 2.49565 0.649988 0.174671 0.0483888 0.0138075 0.00405496 0.00122468 0.000380111 0.000121153 3.96278e-05 
3 0 35183 145.693 5447.78 701.32 257.473 58.8904 13.9149 3.39332 0.853263 0.22104 0.058942 0.0161655 0.00455643 0.00131888 0.000391753 
4 0 23676 1957.32 90458.6 10327.3 3575.85 750.498 163.064 36.6393 8.50508 2.03764 0.503361 0.128096 0.0335515 0.00903712 0.00250108 
5 0 21643 21643 1.06951e+06 117569 39960.2 8159.79 1725.65 377.551 85.3683 19.9287 4.79852 1.19063 0.30416 0.0799298 0.0215893 
0 1 0 0 0 0 0 0 0 0 0 0 0 0 0 0 0 
1 1 0 0 0 0 0 0 0 0 0 0 0 0 0 0 0 
2 1 0 0 0 0 0 0 0 0 0 0 0 0 0 0 0 
3 1 0 0 0 0 0 0 0 0 0 0 0 0 0 0 0 
4 1 0 0 0 0 0 0 0 0 0 0 0 0 0 0 0 
5 1 0 0 0 0 0 0 0 0 0 0 0 0 0 0 0 
#t = 14000; extr. Ts: 0.0963333 0.0976667 0.0983333 0.0993333 0.100333 0.101333 0.102333 0.103333 0.104333 0.105333 0.106333 0.107333 0.108333 
0 0 0 0 0 0 0 0 0 0 0 0 0 0 0 0 0 
1 0 45194 0.191567 4.08873 0.720542 0.309403 0.0894861 0.026726 0.00823475 0.00261517 0.000855238 0.000287753 9.95202e-05 3.53494e-05 1.28842e-05 4.81466e-06 
2 0 42292 6.66125 190.946 28.5099 11.2768 2.88577 0.763297 0.208475 0.0587394 0.0170578 0.00510094 0.00156941 0.000496377 0.000161258 5.37669e-05 
3 0 35183 145.693 5447.78 701.32 257.473 58.8904 13.9149 3.39332 0.853263 0.22104 0.058942 0.0161655 0.00455643 0.00131888 0.000391753 
4 0 23676 1957.32 90458.6 10327.3 3575.85 750.498 163.064 36.6393 8.50508 2.03764 0.503361 0.128096 0.0335515 0.00903712 0.00250108 
5 0 21643 21643 1.06951e+06 117569 39960.2 8159.79 1725.65 377.551 85.3683 19.9287 4.79852 1.19063 0.30416 0.0799298 0.0215893 
0 1 0 0 0 0 0 0 0 0 0 0 0 0 0 0 0 
1 1 0 0 0 0 0 0 0 0 0 0 0 0 0 0 0 
2 1 0 0 0 0 0 0 0 0 0 0 0 0 0 0 0 
3 1 0 0 0 0 0 0 0 0 0 0 0 0 0 0 0 
4 1 0 0 0 0 0 0 0 0 0 0 0 0 0 0 0 
5 1 0 0 0 0 0 0 0 0 0 0 0 0 0 0 0 
#t = 15000; extr. Ts: 0.0963333 0.0976667 0.0983333 0.0993333 0.100333 0.101333 0.102333 0.103333 0.104333 0.105333 0.106333 0.107333 0.108333 
0 0 0 0 0 0 0 0 0 0 0 0 0 0 0 0 0 
1 0 48360 0.204987 4.30037 0.764994 0.330119 0.0962107 0.028961 0.0089947 0.00287935 0.000949066 0.000321776 0.000112109 4.00993e-05 1.47107e-05 5.53011e-06 
2 0 51126 8.05266 217.445 33.5012 13.4866 3.55269 0.97031 0.274502 0.08036 0.0243199 0.00760091 0.00245075 0.000814323 0.000278542 9.79728e-05 
3 0 35183 145.693 5447.78 701.32 257.473 58.8904 13.9149 3.39332 0.853263 0.22104 0.058942 0.0161655 0.00455643 0.00131888 0.000391753 
4 0 23676 1957.32 90458.6 10327.3 3575.85 750.498 163.064 36.6393 8.50508 2.03764 0.503361 0.128096 0.0335515 0.00903712 0.00250108 
5 0 21643 21643 1.06951e+06 117569 39960.2 8159.79 1725.65 377.551 85.3683 19.9287 4.79852 1.19063 0.30416 0.0799298 0.0215893 
0 1 0 0 0 0 0 0 0 0 0 0 0 0 0 0 0 
1 1 0 0 0 0 0 0 0 0 0 0 0 0 0 0 0 
2 1 0 0 0 0 0 0 0 0 0 0 0 0 0 0 0 
3 1 0 0 0 0 0 0 0 0 0 0 0 0 0 0 0 
4 1 0 0 0 0 0 0 0 0 0 0 0 0 0 0 0 
5 1 0 0 0 0 0 0 0 0 0 0 0 0 0 0 0 
#t = 16000; extr. Ts: 0.0963333 0.0976667 0.0983333 0.0993333 0.100333 0.101333 0.102333 0.103333 0.104333 0.105333 0.106333 0.107333 0.108333 
0 0 0 0 0 0 0 0 0 0 0 0 0 0 0 0 0 
1 0 52825 0.223914 4.58197 0.82606 0.359051 0.105846 0.0322493 0.0101438 0.00329028 0.00109933 0.000377925 0.000133536 4.84444e-05 1.80259e-05 6.87265e-06 
2 0 58661 9.23946 237.581 37.557 15.3393 4.13698 1.15923 0.337072 0.101572 0.0316754 0.0102079 0.00339455 0.00116309 0.00041002 0.000148504 
3 0 35183 145.693 5447.78 701.32 257.473 58.8904 13.9149 3.39332 0.853263 0.22104 0.058942 0.0161655 0.00455643 0.00131888 0.000391753 
4 0 23676 1957.32 90458.6 10327.3 3575.85 750.498 163.064 36.6393 8.50508 2.03764 0.503361 0.128096 0.0335515 0.00903712 0.00250108 
5 0 21643 21643 1.06951e+06 117569 39960.2 8159.79 1725.65 377.551 85.3683 19.9287 4.79852 1.19063 0.30416 0.0799298 0.0215893 
0 1 0 0 0 0 0 0 0 0 0 0 0 0 0 0 0 
1 1 0 0 0 0 0 0 0 0 0 0 0 0 0 0 0 
2 1 0 0 0 0 0 0 0 0 0 0 0 0 0 0 0 
3 1 0 0 0 0 0 0 0 0 0 0 0 0 0 0 0 
4 1 0 0 0 0 0 0 0 0 0 0 0 0 0 0 0 
5 1 0 0 0 0 0 0 0 0 0 0 0 0 0 0 0 
#t = 17000; extr. Ts: 0.0963333 0.0976667 0.0983333 0.0993333 0.100333 0.101333 0.102333 0.103333 0.104333 0.105333 0.106333 0.107333 0.108333 
0 0 0 0 0 0 0 0 0 0 0 0 0 0 0 0 0 
1 0 52825 0.223914 4.58197 0.82606 0.359051 0.105846 0.0322493 0.0101438 0.00329028 0.00109933 0.000377925 0.000133536 4.84444e-05 1.80259e-05 6.87265e-06 
2 0 63204 9.95501 249.483 39.9761 16.4515 4.49197 1.27565 0.376271 0.115107 0.0364631 0.0119415 0.00403655 0.00140606 0.000503919 0.000185534 
3 0 42456 175.811 6308.64 830.128 308.45 71.939 17.3652 4.33487 1.1182 0.297839 0.0818571 0.0231974 0.00677389 0.00203685 0.000630257 
4 0 23860 1972.53 90936.5 10395.3 3602.04 756.903 164.675 37.056 8.61573 2.06778 0.511782 0.130507 0.034258 0.00924897 0.00256604 
5 0 21643 21643 1.06951e+06 117569 39960.2 8159.79 1725.65 377.551 85.3683 19.9287 4.79852 1.19063 0.30416 0.0799298 0.0215893 
0 1 0 0 0 0 0 0 0 0 0 0 0 0 0 0 0 
1 1 0 0 0 0 0 0 0 0 0 0 0 0 0 0 0 
2 1 0 0 0 0 0 0 0 0 0 0 0 0 0 0 0 
3 1 0 0 0 0 0 0 0 0 0 0 0 0 0 0 0 
4 1 0 0 0 0 0 0 0 0 0 0 0 0 0 0 0 
5 1 0 0 0 0 0 0 0 0 0 0 0 0 0 0 0 
#t = 18000; extr. Ts: 0.0963333 0.0976667 0.0983333 0.0993333 0.100333 0.101333 0.102333 0.103333 0.104333 0.105333 0.106333 0.107333 0.108333 
0 0 0 0 0 0 0 0 0 0 0 0 0 0 0 0 0 
1 0 52825 0.223914 4.58197 0.82606 0.359051 0.105846 0.0322493 0.0101438 0.00329028 0.00109933 0.000377925 0.000133536 4.84444e-05 1.80259e-05 6.87265e-06 
2 0 75103 11.8292 293.457 47.3413 19.5285 5.34386 1.51846 0.447452 0.13655 0.0430959 0.0140462 0.00472116 0.00163415 0.000581696 0.00021266 
3 0 42557 176.229 6321.75 831.996 309.17 72.1153 17.4096 4.34636 1.12125 0.298671 0.0820897 0.0232641 0.00679343 0.00204272 0.000632056 
4 0 23860 1972.53 90936.5 10395.3 3602.04 756.903 164.675 37.056 8.61573 2.06778 0.511782 0.130507 0.034258 0.00924897 0.00256604 
5 0 21643 21643 1.06951e+06 117569 39960.2 8159.79 1725.65 377.551 85.3683 19.9287 4.79852 1.19063 0.30416 0.0799298 0.0215893 
0 1 0 0 0 0 0 0 0 0 0 0 0 0 0 0 0 
1 1 0 0 0 0 0 0 0 0 0 0 0 0 0 0 0 
2 1 0 0 0 0 0 0 0 0 0 0 0 0 0 0 0 
3 1 0 0 0 0 0 0 0 0 0 0 0 0 0 0 0 
4 1 0 0 0 0 0 0 0 0 0 0 0 0 0 0 0 
5 1 0 0 0 0 0 0 0 0 0 0 0 0 0 0 0 
#t = 19000; extr. Ts: 0.0963333 0.0976667 0.0983333 0.0993333 0.100333 0.101333 0.102333 0.103333 0.104333 0.105333 0.106333 0.107333 0.108333 
0 0 0 0 0 0 0 0 0 0 0 0 0 0 0 0 0 
1 0 53294 0.225902 4.61005 0.832339 0.362067 0.10687 0.0326046 0.0102699 0.00333593 0.0011162 0.000384288 0.000135981 4.94021e-05 1.84078e-05 7.02762e-06 
2 0 86634 13.6454 331.018 54.0988 22.4519 6.19579 1.77374 0.526033 0.161379 0.0511416 0.0167181 0.00562977 0.00195034 0.000694216 0.000253579 
3 0 42557 176.229 6321.75 831.996 309.17 72.1153 17.4096 4.34636 1.12125 0.298671 0.0820897 0.0232641 0.00679343 0.00204272 0.000632056 
4 0 23860 1972.53 90936.5 10395.3 3602.04 756.903 164.675 37.056 8.61573 2.06778 0.511782 0.130507 0.034258 0.00924897 0.00256604 
5 0 21643 21643 1.06951e+06 117569 39960.2 8159.79 1725.65 377.551 85.3683 19.9287 4.79852 1.19063 0.30416 0.0799298 0.0215893 
0 1 0 0 0 0 0 0 0 0 0 0 0 0 0 0 0 
1 1 0 0 0 0 0 0 0 0 0 0 0 0 0 0 0 
2 1 0 0 0 0 0 0 0 0 0 0 0 0 0 0 0 
3 1 0 0 0 0 0 0 0 0 0 0 0 0 0 0 0 
4 1 0 0 0 0 0 0 0 0 0 0 0 0 0 0 0 
5 1 0 0 0 0 0 0 0 0 0 0 0 0 0 0 0 
#t = 20000; extr. Ts: 0.0963333 0.0976667 0.0983333 0.0993333 0.100333 0.101333 0.102333 0.103333 0.104333 0.105333 0.106333 0.107333 0.108333 
0 0 0 0 0 0 0 0 0 0 0 0 0 0 0 0 0 
1 0 53294 0.225902 4.61005 0.832339 0.362067 0.10687 0.0326046 0.0102699 0.00333593 0.0011162 0.000384288 0.000135981 4.94021e-05 1.84078e-05 7.02762e-06 
2 0 89907 14.1609 340.686 55.94 23.2697 6.44311 1.85042 0.550392 0.169301 0.0537774 0.0176148 0.00594144 0.00206096 0.000734285 0.000268383 
3 0 51284 212.368 6989.61 960.104 366.332 89.541 22.8629 6.09683 1.6971 0.492662 0.148961 0.0468349 0.0152828 0.0051648 0.00180373 
4 0 23860 1972.53 90936.5 10395.3 3602.04 756.903 164.675 37.056 8.61573 2.06778 0.511782 0.130507 0.034258 0.00924897 0.00256604 
5 0 21643 21643 1.06951e+06 117569 39960.2 8159.79 1725.65 377.551 85.3683 19.9287 4.79852 1.19063 0.30416 0.0799298 0.0215893 
0 1 0 0 0 0 0 0 0 0 0 0 0 0 0 0 0 
1 1 0 0 0 0 0 0 0 0 0 0 0 0 0 0 0 
2 1 0 0 0 0 0 0 0 0 0 0 0 0 0 0 0 
3 1 0 0 0 0 0 0 0 0 0 0 0 0 0 0 0 
4 1 0 0 0 0 0 0 0 0 0 0 0 0 0 0 0 
5 1 0 0 0 0 0 0 0 0 0 0 0 0 0 0 0 
#t = 21000; extr. Ts: 0.0963333 0.0976667 0.0983333 0.0993333 0.100333 0.101333 0.102333 0.103333 0.104333 0.105333 0.106333 0.107333 0.108333 
0 0 0 0 0 0 0 0 0 0 0 0 0 0 0 0 0 
1 0 53294 0.225902 4.61005 0.832339 0.362067 0.10687 0.0326046 0.0102699 0.00333593 0.0011162 0.000384288 0.000135981 4.94021e-05 1.84078e-05 7.02762e-06 
2 0 89907 14.1609 340.686 55.94 23.2697 6.44311 1.85042 0.550392 0.169301 0.0537774 0.0176148 0.00594144 0.00206096 0.000734285 0.000268383 
3 0 60773 251.662 7922.87 1115.31 430.963 107.351 27.9169 7.57221 2.13974 0.629025 0.192058 0.0607963 0.0199151 0.0067378 0.00234997 
4 0 26371 2180.11 97610.5 11330.2 3960.09 844.151 186.634 42.7582 10.142 2.48841 0.631028 0.165249 0.0446508 0.0124383 0.00356924 
5 0 21643 21643 1.06951e+06 117569 39960.2 8159.79 1725.65 377.551 85.3683 19.9287 4.79852 1.19063 0.30416 0.0799298 0.0215893 
0 1 0 0 0 0 0 0 0 0 0 0 0 0 0 0 0 
1 1 0 0 0 0 0 0 0 0 0 0 0 0 0 0 0 
2 1 0 0 0 0 0 0 0 0 0 0 0 0 0 0 0 
3 1 0 0 0 0 0 0 0 0 0 0 0 0 0 0 0 
4 1 0 0 0 0 0 0 0 0 0 0 0 0 0 0 0 
5 1 0 0 0 0 0 0 0 0 0 0 0 0 0 0 0 
#t = 22000; extr. Ts: 0.0963333 0.0976667 0.0983333 0.0993333 0.100333 0.101333 0.102333 0.103333 0.104333 0.105333 0.106333 0.107333 0.108333 
0 0 0 0 0 0 0 0 0 0 0 0 0 0 0 0 0 
1 0 53294 0.225902 4.61005 0.832339 0.362067 0.10687 0.0326046 0.0102699 0.00333593 0.0011162 0.000384288 0.000135981 4.94021e-05 1.84078e-05 7.02762e-06 
2 0 93558 14.736 353.775 58.173 24.21 6.70608 1.92601 0.5727 0.176056 0.0558745 0.0182817 0.00615858 0.00213329 0.000758913 0.000276951 
3 0 69122 286.235 8842.37 1258.9 488.884 122.563 32.0293 8.71557 2.46637 0.724821 0.220878 0.0696833 0.0227219 0.00764507 0.00264991 
4 0 26371 2180.11 97610.5 11330.2 3960.09 844.151 186.634 42.7582 10.142 2.48841 0.631028 0.165249 0.0446508 0.0124383 0.00356924 
5 0 21643 21643 1.06951e+06 117569 39960.2 8159.79 1725.65 377.551 85.3683 19.9287 4.79852 1.19063 0.30416 0.0799298 0.0215893 
0 1 0 0 0 0 0 0 0 0 0 0 0 0 0 0 0 
1 1 0 0 0 0 0 0 0 0 0 0 0 0 0 0 0 
2 1 0 0 0 0 0 0 0 0 0 0 0 0 0 0 0 
3 1 0 0 0 0 0 0 0 0 0 0 0 0 0 0 0 
4 1 0 0 0 0 0 0 0 0 0 0 0 0 0 0 0 
5 1 0 0 0 0 0 0 0 0 0 0 0 0 0 0 0 
