t = 0
b = 6 6 6
E = -1.07312147978031 -1.07312147978031 0
-7.22553768792838 4.08488934890911 -3.08566463390097 0.685095901472691 0.0462580089141011 -0.726982669942432 0.46855015659939 0.736159354552602 0.488395490822122 0 0 0 0 0 0
-6.77481392523783 4.22443818111575 -2.78650327041073 0.297936020782279 0.263060644632368 -0.917623683634003 0.648653667090616 0.649464696961922 0.396792171760034 0 0 0 0 0 0
-6.26158553696015 4.29899078069853 -2.74595866405588 -0.299074882091982 0.579156990571023 -0.758374178868443 0.69047462618691 0.679903702401505 0.246932675141994 0 0 0 0 0 0
-5.78861611041451 4.45082860202877 -2.79455424605033 -0.521112816004072 0.804845869365376 -0.28401506925127 0.792817101932089 0.579704035449537 0.188107081651784 0 0 0 0 0 0
-5.32734699526493 4.81162867012098 -2.81150783795649 -0.73016197870932 0.68324733093466 -0.0060472818626471 0.673021458939406 0.720705060834061 0.166211705650538 0 0 0 0 0 0
-11.9136397881003 11.7089069543086 3.5388453543333 0.45377900324987 -0.101436299894632 -0.885322140959572 -0.617835351278672 -0.751750512109231 -0.230544239255436 0 0 0 0 0 0
-12.2403283582317 11.4378575241989 3.20124061367629 0.864195818194997 -0.216848908066411 -0.454028786405317 -0.456048660675117 -0.718800413565992 -0.524733822574652 0 0 0 0 0 0
-12.403516362144 11.280245821847 2.77666350506152 0.785090533999476 -0.56182313731591 0.260744349509116 -0.462288120681171 -0.81168787956474 -0.357004873418812 0 0 0 0 0 0
-12.377220614791 10.8995542678129 2.34886263288225 0.315083314718559 -0.512917390441104 0.798522545310433 -0.562950726940509 -0.778385899237198 -0.277852246537392 0 0 0 0 0 0
-12.3764790220426 10.4206869889754 2.12941821270922 -0.337247521918858 -0.0674641063760929 0.93899558215705 -0.43853479844816 -0.871343946505996 -0.220106695576019 0 0 0 0 0 0
-12.3259991007141 9.90902164305768 2.13779027950222 -0.829987467072233 0.240152744178833 0.503435660205354 -0.494638365367799 -0.734029717928929 -0.46533134506872 0 0 0 0 0 0
