t = 14891
b = 5 5 5
E = -1.26778877985919 -1.26778877985919 0
23.6147382501599 -3.03878656031776 -1.03634868776131 -0.33266015217031 -0.932981871520568 0.137411973903305 -0.452069276750311 0.0298881907138461 -0.891481948821344 0 0 0 0 0 0
23.6298438062999 -3.18292985518302 -1.5326026026903 -0.740621558696855 -0.477182451872102 0.473050329688889 -0.606157203082452 0.170719994388567 -0.776806364975999 0 0 0 0 0 0
23.3320390111105 -3.30339316065872 -1.97867093557822 -0.672271534786588 0.12211550762062 0.730163533952664 -0.722738059891337 0.105323497812 -0.683049527921036 0 0 0 0 0 0
22.9429936415833 -3.56217532894278 -2.17526004469665 -0.430394067980347 0.79274835292985 0.431637573867637 -0.665608579520824 0.0442643263335209 -0.744987173233549 0 0 0 0 0 0
22.4944677891734 -3.67337917069137 -2.29789968474208 -0.0160884177975145 0.998282161829326 0.0563372717313408 -0.715773518787276 0.0278430307161721 -0.697777210464353 0 0 0 0 0 0
22.1335656629609 -3.60345730074465 -2.69495836382044 0.332068729599315 0.920784780978407 0.204660074124964 -0.711901323245388 0.386993146177333 -0.586031407667909 0 0 0 0 0 0
21.6809445315632 -3.33600548645237 -2.64191015191319 0.606460063161876 0.676640505713378 -0.417568937802643 -0.771188713910053 0.37270668663745 -0.516098530586449 0 0 0 0 0 0
21.2979079217498 -3.02505633254307 -2.90930359596855 0.846467016334021 0.33662449346841 -0.412525806048198 -0.532091270272788 0.506725258615424 -0.678312901528948 0 0 0 0 0 0
21.1226782261009 -2.60386515972945 -3.0600311803089 0.711587413639751 -0.140977419174444 -0.68830859360639 -0.559480495212273 0.478898914427268 -0.676489028172236 0 0 0 0 0 0
21.0545768231672 -2.18352812967862 -3.41108066465733 0.287177645451273 -0.809723975520965 -0.51173829583059 -0.423571069228159 0.371823030806499 -0.826035824328944 0 0 0 0 0 0
16.5799390483672 -7.67844120259837 -9.23127056886602 -0.213025077434247 0.554821944209995 0.804234372933148 0.628654445586331 -0.552279870533842 0.547522175484847 0 0 0 0 0 0
16.9831527833273 -7.70293422945028 -8.88185812742857 -0.69370043825032 0.103443709635238 0.7127966757135 0.647478031528754 -0.343957501617465 0.680048112833739 0 0 0 0 0 0
17.2818190320869 -7.57974701332533 -8.4495908530151 -0.786640601432652 -0.26444234509283 0.557912905657757 0.616415045841924 -0.387691255241818 0.685367041714682 0 0 0 0 0 0
17.4601494290592 -7.52297474431235 -8.02289971702381 -0.748380392457283 -0.617857473725386 0.241203089422923 0.467406002452882 -0.233257768946146 0.852714748375606 0 0 0 0 0 0
17.3837100041561 -7.38553865370655 -7.5093223189194 -0.142351136842945 -0.989559673595004 0.0225345564427638 0.488836816954311 -0.0504879480925688 0.870913045881946 0 0 0 0 0 0
17.3531106062141 -7.53320300755234 -6.95697743261946 0.0681576432911987 -0.951230205717608 -0.300858158259708 0.368941556868739 -0.256150654417532 0.893458991704007 0 0 0 0 0 0
17.2637245452438 -7.7126597465534 -6.46384817151394 0.699687663244821 -0.462888895785649 -0.544215990266124 0.424462957681652 -0.343394495674561 0.837801538490206 0 0 0 0 0 0
17.4530605311935 -8.23564622011315 -6.08155708973859 0.684772606501561 -0.0676502050190481 -0.725610037930798 0.600444174979155 -0.51187058618464 0.61437390547825 0 0 0 0 0 0
17.6857892548432 -8.68024593738693 -5.9752847316904 0.75811621406308 0.503017583522148 -0.415009778971773 0.644237056365252 -0.479060845851529 0.59620409356013 0 0 0 0 0 0
18.0231693326473 -9.03772470458694 -5.84717700631726 0.502770649763474 0.855027350199995 -0.127082273139859 0.66323000973832 -0.287274872208444 0.691085452010188 0 0 0 0 0 0
